[H[Jabout to clean
$RTE_SDK is [/usr/local/ssgrant/dpdk-stable-19.11.5/submission_install/usr/local/ssgrant/dpdk-stable-19.11.5/share/dpdk]
$RTE_SDK is [/usr/local/ssgrant/dpdk-stable-19.11.5/submission_install/usr/local/ssgrant/dpdk-stable-19.11.5/share/dpdk]
RTE_SDK=/usr/local/ssgrant/dpdk-stable-19.11.5/vtune_install/share/dpdk
$RTE_SDK is [/usr/local/ssgrant/dpdk-stable-19.11.5/vtune_install/share/dpdk]
$RTE_SDK is [/usr/local/ssgrant/dpdk-stable-19.11.5/vtune_install/share/dpdk]
  CC rmemc-dpdk.o
  CC roce_v2.o
  CC measurement.o
  CC print_helpers.o
  CC packet_templates.o
  LD rmemc-dpdk
  INSTALL-APP rmemc-dpdk
  INSTALL-MAP rmemc-dpdk.map
~/warm/rmemc-dpdk/build ~/warm/rmemc-dpdk
EAL: Probing VFIO support...
EAL: VFIO support initialized
EAL: PCI device 0000:01:00.0 on NUMA socket 0
EAL:   probe driver: 8086:1528 net_ixgbe
EAL: PCI device 0000:01:00.1 on NUMA socket 0
EAL:   probe driver: 8086:1528 net_ixgbe
EAL: PCI device 0000:04:00.0 on NUMA socket 0
EAL:   probe driver: 15b3:1017 net_mlx5
EAL: PCI device 0000:07:00.0 on NUMA socket 0
EAL:   probe driver: 8086:1521 net_e1000_igb
EAL: PCI device 0000:07:00.1 on NUMA socket 0
EAL:   probe driver: 8086:1521 net_e1000_igb

	---Starting DPDK Switch---

	---Machine Config---
num ports:1
created mbuf_pool [size 250]
initalizing ports with 14 cores...
Configuring RSS for a total of 14 cores
configuring multi queue rss ETH_MQ_RX_RSS
configuring 14 rx rings 14 tx rings
Port 0 MAC: ec 0d 9a 68 21 bc
Link Speed 100000 MBPS
FULL DUPLEX ON

	---Software Config---
Client Threads:	1
Keyspace:	1024
WRITE STEERING	OFF
READ STEERING:	OFF
QP MAPPING:	OFF
CNS TO WRITE:	OFF
ICRC:		ON

	---Running DPDK Switch (14 cores)---




----(start-raw) (new packet)

EC 0D 9A 68 21 CC EC 0D 9A 68 21 A0 08 00 |
45 02 04 3C 68 D6 40 00 40 11 4A 6A C0 A8 01 11 C0 A8 01 0D |
F0 12 12 B7 04 28 00 00 |
0A 40 FF FF 00 00 45 20 80 00 0C 71 |
00 00 56 0D 3F 37 65 00 00 04 A9 88 00 00 04 00 00 08 00 00 00 00 00 00 00 00 00 00 00 00 00 00 |
31 31 31 31 31 31 31 31 31 31 31 31 31 31 31 31 31 31 31 31 31 31 31 31 31 31 31 31 31 31 31 31 31 31 31 31 31 31 31 31 31 31 31 31 31 31 31 31 31 31 31 31 31 31 31 31 31 31 31 31 31 31 31 31 31 31 31 31 31 31 31 31 31 31 31 31 31 31 31 31 31 31 31 31 31 31 31 31 31 31 31 31 31 31 31 31 31 31 31 31 31 31 31 31 31 31 31 31 31 31 31 31 31 31 31 31 31 31 31 31 31 31 31 31 31 31 31 31 31 31 31 31 31 31 31 31 31 31 31 31 31 31 31 31 31 31 31 31 31 31 31 31 31 31 31 31 31 31 31 31 31 31 31 31 31 31 31 31 31 31 31 31 31 31 31 31 31 31 31 31 31 31 31 31 31 31 31 31 31 31 31 31 31 31 31 31 31 31 31 31 31 31 31 31 31 31 31 31 31 31 31 31 31 31 31 31 31 31 31 31 31 31 31 31 31 31 31 31 31 31 31 31 31 31 31 31 31 31 31 31 31 31 31 31 31 31 31 31 31 31 31 31 31 31 31 31 31 31 31 31 31 31 31 31 31 31 31 31 31 31 31 31 31 31 31 31 31 31 31 31 31 31 31 31 31 31 31 31 31 31 31 31 31 31 31 31 31 31 31 31 31 31 31 31 31 31 31 31 31 31 31 31 31 31 31 31 31 31 31 31 31 31 31 31 31 31 31 31 31 31 31 31 31 31 31 31 31 31 31 31 31 31 31 31 31 31 31 31 31 31 31 31 31 31 31 31 31 31 31 31 31 31 31 31 31 31 31 31 31 31 31 31 31 31 31 31 31 31 31 31 31 31 31 31 31 31 31 31 31 31 31 31 31 31 31 31 31 31 31 31 31 31 31 31 31 31 31 31 31 31 31 31 31 31 31 31 31 31 31 31 31 31 31 31 31 31 31 31 31 31 31 31 31 31 31 31 31 31 31 31 31 31 31 31 31 31 31 31 31 31 31 31 31 31 31 31 31 31 31 31 31 31 31 31 31 31 31 31 31 31 31 31 31 31 31 31 31 31 31 31 31 31 31 31 31 31 31 31 31 31 31 31 31 31 31 31 31 31 31 31 31 31 31 31 31 31 31 31 31 31 31 31 31 31 31 31 31 31 31 31 31 31 31 31 31 31 31 31 31 31 31 31 31 31 31 31 31 31 31 31 31 31 31 31 31 31 31 31 31 31 31 31 31 31 31 31 31 31 31 31 31 31 31 31 31 31 31 31 31 31 31 31 31 31 31 31 31 31 31 31 31 31 31 31 31 31 31 31 31 31 31 31 31 31 31 31 31 31 31 31 31 31 31 31 31 31 31 31 31 31 31 31 31 31 31 31 31 31 31 31 31 31 31 31 31 31 31 31 31 31 31 31 31 31 31 31 31 31 31 31 31 31 31 31 31 31 31 31 31 31 31 31 31 31 31 31 31 31 31 31 31 31 31 31 31 31 31 31 31 31 31 31 31 31 31 31 31 31 31 31 31 31 31 31 31 31 31 31 31 31 31 31 31 31 31 31 31 31 31 31 31 31 31 31 31 31 31 31 31 31 31 31 31 31 31 31 31 31 31 31 31 31 31 31 31 31 31 31 31 31 31 31 31 31 31 31 31 31 31 31 31 31 31 31 31 31 31 31 31 31 31 31 31 31 31 31 31 31 31 31 31 31 31 31 31 31 31 31 31 31 31 31 31 31 31 31 31 31 31 31 31 31 31 31 31 31 31 31 31 31 31 31 31 31 31 31 31 31 31 31 31 31 31 31 31 31 31 31 31 31 31 31 31 31 31 31 31 31 31 31 31 31 31 31 31 31 31 31 31 31 31 31 31 31 31 31 31 31 31 31 31 31 31 31 31 31 31 31 31 31 31 31 31 31 31 31 31 31 31 31 31 31 31 31 31 31 31 31 31 31 31 31 31 31 31 31 31 31 31 31 31 31 31 31 31 31 31 31 31 31 31 31 31 31 31 31 31 31 31 31 31 31 31 31 31 31 31 31 31 31 31 31 31 31 31 31 31 31 31 31 31 31 31 31 31 31 31 31 31 31 31 31 31 31 31 31 31 31 31 31 31 31 31 31 31 31 31 31 31 31 31 31 31 31 31 31 31 31 31 31 31 31 31 31 31 31 31 31 31 31 31 31 31 31 31 31 31 31 31 31 31 31 31 31 31 31 31 31 31 31 31 31 00 00 00 00 00 00 00 00 00 00 00 00 00 00 00 00 B4 63 FD CC fullraw:
\xEC\x0D\x9A\x68\x21\xCC\xEC\x0D\x9A\x68\x21\xA0\x08\x00\x45\x02\x04\x3C\x68\xD6\x40\x00\x40\x11\x4A\x6A\xC0\xA8\x01\x11\xC0\xA8\x01\x0D\xF0\x12\x12\xB7\x04\x28\x00\x00\x0A\x40\xFF\xFF\x00\x00\x45\x20\x80\x00\x0C\x71\x00\x00\x56\x0D\x3F\x37\x65\x00\x00\x04\xA9\x88\x00\x00\x04\x00\x00\x08\x00\x00\x00\x00\x00\x00\x00\x00\x00\x00\x00\x00\x00\x00\x31\x31\x31\x31\x31\x31\x31\x31\x31\x31\x31\x31\x31\x31\x31\x31\x31\x31\x31\x31\x31\x31\x31\x31\x31\x31\x31\x31\x31\x31\x31\x31\x31\x31\x31\x31\x31\x31\x31\x31\x31\x31\x31\x31\x31\x31\x31\x31\x31\x31\x31\x31\x31\x31\x31\x31\x31\x31\x31\x31\x31\x31\x31\x31\x31\x31\x31\x31\x31\x31\x31\x31\x31\x31\x31\x31\x31\x31\x31\x31\x31\x31\x31\x31\x31\x31\x31\x31\x31\x31\x31\x31\x31\x31\x31\x31\x31\x31\x31\x31\x31\x31\x31\x31\x31\x31\x31\x31\x31\x31\x31\x31\x31\x31\x31\x31\x31\x31\x31\x31\x31\x31\x31\x31\x31\x31\x31\x31\x31\x31\x31\x31\x31\x31\x31\x31\x31\x31\x31\x31\x31\x31\x31\x31\x31\x31\x31\x31\x31\x31\x31\x31\x31\x31\x31\x31\x31\x31\x31\x31\x31\x31\x31\x31\x31\x31\x31\x31\x31\x31\x31\x31\x31\x31\x31\x31\x31\x31\x31\x31\x31\x31\x31\x31\x31\x31\x31\x31\x31\x31\x31\x31\x31\x31\x31\x31\x31\x31\x31\x31\x31\x31\x31\x31\x31\x31\x31\x31\x31\x31\x31\x31\x31\x31\x31\x31\x31\x31\x31\x31\x31\x31\x31\x31\x31\x31\x31\x31\x31\x31\x31\x31\x31\x31\x31\x31\x31\x31\x31\x31\x31\x31\x31\x31\x31\x31\x31\x31\x31\x31\x31\x31\x31\x31\x31\x31\x31\x31\x31\x31\x31\x31\x31\x31\x31\x31\x31\x31\x31\x31\x31\x31\x31\x31\x31\x31\x31\x31\x31\x31\x31\x31\x31\x31\x31\x31\x31\x31\x31\x31\x31\x31\x31\x31\x31\x31\x31\x31\x31\x31\x31\x31\x31\x31\x31\x31\x31\x31\x31\x31\x31\x31\x31\x31\x31\x31\x31\x31\x31\x31\x31\x31\x31\x31\x31\x31\x31\x31\x31\x31\x31\x31\x31\x31\x31\x31\x31\x31\x31\x31\x31\x31\x31\x31\x31\x31\x31\x31\x31\x31\x31\x31\x31\x31\x31\x31\x31\x31\x31\x31\x31\x31\x31\x31\x31\x31\x31\x31\x31\x31\x31\x31\x31\x31\x31\x31\x31\x31\x31\x31\x31\x31\x31\x31\x31\x31\x31\x31\x31\x31\x31\x31\x31\x31\x31\x31\x31\x31\x31\x31\x31\x31\x31\x31\x31\x31\x31\x31\x31\x31\x31\x31\x31\x31\x31\x31\x31\x31\x31\x31\x31\x31\x31\x31\x31\x31\x31\x31\x31\x31\x31\x31\x31\x31\x31\x31\x31\x31\x31\x31\x31\x31\x31\x31\x31\x31\x31\x31\x31\x31\x31\x31\x31\x31\x31\x31\x31\x31\x31\x31\x31\x31\x31\x31\x31\x31\x31\x31\x31\x31\x31\x31\x31\x31\x31\x31\x31\x31\x31\x31\x31\x31\x31\x31\x31\x31\x31\x31\x31\x31\x31\x31\x31\x31\x31\x31\x31\x31\x31\x31\x31\x31\x31\x31\x31\x31\x31\x31\x31\x31\x31\x31\x31\x31\x31\x31\x31\x31\x31\x31\x31\x31\x31\x31\x31\x31\x31\x31\x31\x31\x31\x31\x31\x31\x31\x31\x31\x31\x31\x31\x31\x31\x31\x31\x31\x31\x31\x31\x31\x31\x31\x31\x31\x31\x31\x31\x31\x31\x31\x31\x31\x31\x31\x31\x31\x31\x31\x31\x31\x31\x31\x31\x31\x31\x31\x31\x31\x31\x31\x31\x31\x31\x31\x31\x31\x31\x31\x31\x31\x31\x31\x31\x31\x31\x31\x31\x31\x31\x31\x31\x31\x31\x31\x31\x31\x31\x31\x31\x31\x31\x31\x31\x31\x31\x31\x31\x31\x31\x31\x31\x31\x31\x31\x31\x31\x31\x31\x31\x31\x31\x31\x31\x31\x31\x31\x31\x31\x31\x31\x31\x31\x31\x31\x31\x31\x31\x31\x31\x31\x31\x31\x31\x31\x31\x31\x31\x31\x31\x31\x31\x31\x31\x31\x31\x31\x31\x31\x31\x31\x31\x31\x31\x31\x31\x31\x31\x31\x31\x31\x31\x31\x31\x31\x31\x31\x31\x31\x31\x31\x31\x31\x31\x31\x31\x31\x31\x31\x31\x31\x31\x31\x31\x31\x31\x31\x31\x31\x31\x31\x31\x31\x31\x31\x31\x31\x31\x31\x31\x31\x31\x31\x31\x31\x31\x31\x31\x31\x31\x31\x31\x31\x31\x31\x31\x31\x31\x31\x31\x31\x31\x31\x31\x31\x31\x31\x31\x31\x31\x31\x31\x31\x31\x31\x31\x31\x31\x31\x31\x31\x31\x31\x31\x31\x31\x31\x31\x31\x31\x31\x31\x31\x31\x31\x31\x31\x31\x31\x31\x31\x31\x31\x31\x31\x31\x31\x31\x31\x31\x31\x31\x31\x31\x31\x31\x31\x31\x31\x31\x31\x31\x31\x31\x31\x31\x31\x31\x31\x31\x31\x31\x31\x31\x31\x31\x31\x31\x31\x31\x31\x31\x31\x31\x31\x31\x31\x31\x31\x31\x31\x31\x31\x31\x31\x31\x31\x31\x31\x31\x31\x31\x31\x31\x31\x31\x31\x31\x31\x31\x31\x31\x31\x31\x31\x31\x31\x31\x31\x31\x31\x31\x31\x31\x31\x31\x31\x31\x31\x31\x31\x31\x31\x31\x31\x31\x31\x31\x31\x31\x31\x31\x31\x31\x31\x31\x31\x31\x31\x31\x31\x31\x31\x31\x31\x31\x31\x31\x31\x31\x31\x31\x31\x31\x31\x31\x31\x31\x31\x31\x31\x31\x31\x31\x31\x31\x31\x31\x31\x31\x31\x31\x31\x31\x31\x31\x31\x31\x31\x31\x31\x31\x31\x31\x31\x31\x31\x31\x31\x31\x31\x31\x31\x31\x31\x31\x31\x31\x31\x31\x31\x31\x31\x31\x31\x31\x31\x31\x31\x31\x31\x31\x31\x31\x31\x31\x31\x31\x31\x31\x31\x31\x31\x31\x31\x31\x31\x31\x31\x31\x31\x31\x31\x31\x31\x31\x31\x31\x31\x31\x31\x31\x31\x31\x00\x00\x00\x00\x00\x00\x00\x00\x00\x00\